; Landing
LINE
 7 7
 248 7
 248 183
 7 183
 7 8
LINE
 162 36
 114 66
 96 86
 86 110
 93 139
 109 156
 149 154
 166 132
 180 118
 203 118
 213 129
 224 141
 241 144
RLINE 7 -4
LINE
 240 32
 165 74
 154 93
 164 114
 176 122
LINE
 88 117
 60 118
 31 120
 17 119
 8 117
LINE
 91 135
 82 138
 75 146
 72 156
 76 166
PLOT 59 136
RLINE -4 3
LINE
 55 139
 46 161
 49 169
LINE
 174 152
 162 155
 178 169
 206 166
 187 150
 174 152
LINE
 162 154
 162 169
RLINE 6 -1
 2 2
LINE
 170 170
 174 178
RLINE 2 -1
LINE
 176 177
 177 169
PLOT 206 167
RLINE 0 6
 -3 7
 -4 -2
 -5 -4
 -7 1
 -5 2
 -7 1
LINE
 155 93
 198 76
RLINE 0 -5
LINE
 198 71
 219 61
RLINE 5 1
LINE
 224 62
 248 51
LINE
 212 126
 236 116
 245 118
RLINE 3 -1
LINE
 240 32
 248 28
LINE
 138 51
 133 78
 138 99
 148 122
 158 129
RLINE 7 3
LINE
 191 118
 188 128
 195 137
RLINE -2 7
LINE
 193 144
 197 152
RLINE -2 4
PLOT 191 174
RLINE -7 7
LINE
 184 181
 192 175
LINE
 138 99
 108 117
 89 121
BRUSH 16
FILL 
 247 52
 233 116
 178 118
BRUSH 8
FILL
 237 117
BRUSH 24
FILL 
 203 119
FILL 
 205 167
 189 174
BRUSH 128
LINE
 177 99
 244 68
LINE
 243 86
 182 112
 177 101
BRUSH 0
LINE
 163 35
 186 37
 197 48
RLINE 2 6
PLOT 8 84
RLINE 1 0
LINE
 9 84
 47 79
 76 64
 96 63
 126 37
 153 35
 182 11
 213 7
LINE
 115 7
 86 16
 78 29
 68 38
 51 45
 36 45
 26 54
 18 59
 8 63
BRUSH 40
FILL 
 246 8
FILL 
 161 35
BRUSH 32
FILL 
 198 8
BRUSH 24
FILL 
 107 8
BRUSH 128
LINE
 115 7
 86 16
 78 29
 68 38
 51 45
 36 45
 26 54
 18 59
 8 63
LINE
 9 84
 47 79
 76 64
 96 63
 126 37
 153 35
 182 11
 213 7
BRUSH 0
FILL 
 168 36
BRUSH 16
fill
 138 101
